70 188
2 1 
3 2 
4 3 
5 3 
6 5 
7 6 
4 7 
8 4 
9 8 
8 10 
11 9 
9 12 
13 12 
14 13 
15 14 
15 16 
17 3 
10 17 
18 17 
19 8 
12 19 
20 9 
11 20 
20 21 
11 21 
22 11 
23 22 
24 12 
25 15 
13 26 
26 27 
28 3 
29 28 
30 29 
31 29 
28 32 
33 32 
30 33 
31 3 
5 31 
34 18 
10 34 
20 10 
35 23 
36 23 
35 36 
15 35 
37 35 
38 37 
39 38 
40 38 
41 40 
42 41 
39 41 
43 42 
44 43 
45 44 
46 45 
47 46 
48 47 
49 48 
50 49 
51 50 
43 51 
48 51 
15 52 
16 53 
54 14 
53 54 
16 54 
55 36 
56 1 
57 37 
58 37 
37 59 
60 38 
61 60 
62 61 
51 62 
63 26 
35 52 
24 15 
24 52 
45 43 
47 45 
39 35 
64 46 
65 64 
66 65 
67 66 
68 67 
69 68 
39 44 
1 2 
2 3 
3 4 
3 5 
5 6 
6 7 
7 4 
4 8 
8 9 
10 8 
9 11 
12 9 
12 13 
13 14 
14 15 
16 15 
3 17 
17 10 
17 18 
8 19 
19 12 
9 20 
20 11 
21 20 
21 11 
11 22 
22 23 
12 24 
15 25 
26 13 
27 26 
3 28 
28 29 
29 30 
29 31 
32 28 
32 33 
33 30 
3 31 
31 5 
18 34 
34 10 
10 20 
23 35 
23 36 
36 35 
35 15 
35 37 
37 38 
38 39 
38 40 
40 41 
41 42 
41 39 
42 43 
43 44 
44 45 
45 46 
46 47 
47 48 
48 49 
49 50 
50 51 
51 43 
51 48 
52 15 
53 16 
14 54 
54 53 
54 16 
36 55 
1 56 
37 57 
37 58 
59 37 
38 60 
60 61 
61 62 
62 51 
26 63 
52 35 
15 24 
52 24 
43 45 
45 47 
35 39 
46 64 
64 65 
65 66 
66 67 
67 68 
68 69 
44 39